3--2
1.1387850686170687E-5	2.1346511123164135E-9	3.9611743534404646E-8	1.2581896514657159E-8	
2--1
4.244039366999763E-6	2.499732131150352E-7	3.95621996461297E-6	
1--0
1.9320706486028324E-6	7.59008677799629E-7	
3--1
5.851928005657708E-7	6.126695246928863E-6	5.289797943851715E-6	5.754340107039976E-6	
2--0
5.3106417641636354E-8	8.355436318002784E-6	8.605806417307756E-8	
3--0
1.1934572068475542E-5	1.183644242231455E-8	6.854011909862215E-8	3.0562227250023277E-8	

=================================================================

3--2
1.1387850686170687E-5	2.1346511123164135E-9	3.9611743534404646E-8	1.2581896514657159E-8	
2--1
4.244039366999763E-6	2.499732131150352E-7	3.95621996461297E-6	
1--0
1.9320706486028324E-6	7.59008677799629E-7	
3--1
5.851928005657708E-7	6.126695246928863E-6	5.289797943851715E-6	5.754340107039976E-6	
2--0
5.3106417641636354E-8	8.355436318002784E-6	8.605806417307756E-8	
3--0
1.1934572068475542E-5	1.183644242231455E-8	6.854011909862215E-8	3.0562227250023277E-8	
